                      ___________________________________________________-----Consider 16 bits
				17 16 15   14 13 12     11 10 9		8 7 6	5 4 3	2 1 0
@000000   -- 	0  0  0 	0  0  0		0  0  0		0 0 0	0 0 0	0 0 0

-077777   -- 	0  0  0 	1  1  1		1  1  1		1 1 1	1 1 1	1 1 1

-000001   -- 	0  0  0 	0  0  0		0  0  0		0 0 0	0 0 0	0 0 1

-016701   -- 	0  0  0 	0  0  1		1  1  0		1 1 1	0 0 0	0 0 1

-177770   -- 	0  0  1 	1  1  1		1  1  1		1 1 1	1 1 1	0 0 0

-016702   -- 	0  0  0 	0  0  1		1  1  0		1 1 1	0 0 0	0 1 0

-177766   -- 	0  0  1 	1  1  1		1  1  1		1 1 1	1 1 0	1 1 0

-060102   -- 	0  0  0 	1  1  0		0  0  0		0 0 1	0 0 0	0 1 0

-005502   -- 	0  0  0 	0  0  0		1  0  1		1 0 1	0 0 0	0 1 0

-000000   -- 	0  0  0 	0  0  0		0  0  0		0 0 0	0 0 0	0 0 0




				17 16 15   14 13 12     11 10 9		8 7 6	5 4 3	2 1 0
-016701   -- 	0  0  0 	0  0  1		1  1  0		1 1 1	0 0 0	0 0 1
					  0 	0  0  1 	sss 		sss 	ddd 	ddd
					  
-016702   -- 	0  0  0 	0  0  1		1  1  0		1 1 1	0 0 0	0 1 0
					  0 	0  0  1 	sss 		sss 	ddd 	ddd

-060102   -- 	0  0  0 	1  1  0		0  0  0		0 0 1	0 0 0	0 1 0
					  0 	1  1  0 	sss 		sss 	ddd 	ddd
					  
-005502   -- 	0  0  0 	0  0  0		1  0  1		1 0 1	0 0 0	0 1 0
					  0 	0  0  0 	1  0  1		1 0 1	ddd 	ddd
					  
					  

